2000
131538 458650
-218959 -678865
934693 -519416
-34572.1 529700
7698.19 -66842.2
686773 930436
-526929 653919
-701191 762198
-47464.5 -328234
756410 365339
982550 753356
72685.9 -884707
-436411 477732
-274907 -166507
-897656 -60564.3
-504523 319033
493977 90732.9
-73749.1 -384142
913817 464446
50084 770205
125365 688455
629543 725412
888572 -306322
513274 -845982
-841511 -415395
467917 178328
571655 33053.8
-498480 748293
890737 842040
-212752 -130427
-274588 -414293
709820 239911
-317540 -652059
-681346 387725
147533 845576
-955409 -148152
-408767 -564899
488515 -961095
199757 -629269
651254 803073
476432 203250
-901673 -142021
-410313 -885648
162199 -365339
-135109 455307
452300 -931674
215248 -908922
860860 -505956
817561 462245
-632739 824697
-702207 -954415
-289316 514435
414028 876566
729748 -715642
-706535 19092.4
524987 65193.9
488943 -682049
-916634 -890019
-139195 989362
446023 514659
-439726 806650
211519 -153604
616350 -879
-727335 417724
680562 836420
828708 81737.6
629572 -213547
388823 947545
-269215 -284035
-783865 -282156
-11316.2 -983236
-819726 -398144
-176880 157731
257169 101637
634717 794770
752940 -633430
-598217 -318778
-117437 526123
587989 -702989
161688 -860226
556836 316007
-528548 588119
430848 370226
446866 -387831
-78263.2 253922
-676237 728608
944753 -940163
460434 661355
605640 -150394
343818 522808
14950.6 642979
917848 970087
843975 455752
-22083.7 -706950
-436638 -751710
695679 753863
-4253.92 -79916.9
-903301 746679
6341.69 -518478
-544023 -215826
626861 709320
-280289 371910
-310169 -103797
775880 -55278.8
-160274 -297022
-477804 -519988
-150312 -833682
-577776 331175
986883 -1657.42
29355.5 -489652
-738959 -536267
-122507 -188276
614126 -125933
-954028 838102
-259014 424336
897914 -760617
451851 665503
-209562 546975
-175974 431908
687414 -836207
973346 80353.1
769437 -250155
-769114 -749252
-681666 -36367.6
-221667 -652622
371466 233691
-165928 159758
-661994 -949157
621046 17944.5
-721872 53694.4
519175 -65356.3
-977180 -329056
743274 171379
-939725 254957
-123849 160083
105185 368562
327228 -576776
758246 699791
-935242 -362084
455072 -240440
-421579 289766
-216386 -527439
863643 -711564
382822 -459763
-795353 -3228.78
-664689 186825
-134039 946045
-606001 347492
509658 834338
-329434 631763
41420.4 767065
519303 220516
88992.7 -706461
-261779 -378366
-232608 469498
-977238 34243.1
31638.8 591588
329579 -536528
403581 -966910
867514 148390
639523 931915
815407 -572807
-945250 155414
343613 -96538.3
22405 -856876
674525 -698460
-191984 345872
140710 221656
586016 -26339.7
-762344 77324.3
925503 430446
-831256 601638
519337 -161419
574360 531427
-667049 548736
-667965 -571583
441313 502275
31656.5 522063
-35059.5 -107181
551829 611111
772030 -486681
696996 486850
-710450 276647
-280104 -530490
-235403 597476
920252 -821177
-230270 -899521
-651515 935936
858766 952431
122950 702471
-107739 -99865.6
344576 -757621
330758 573183
-202482 974348
491841 -804912
-159580 -149251
-380608 424134
651295 60142.5
897657 -901218
170796 31403.8
522215 277198
-586862 -811895
939871 579863
880784 -189549
718919 -72869
-879060 -89853.1
-416796 674693
-813047 769360
-896524 -486471
377485 687578
76821.8 -477641
238019 -975881
681199 -362400
-794278 73511
-483873 -499657
-932843 146196
-80322 -408177
-963160 198080
-196307 575679
585675 368203
-600133 148787
995401 402740
819527 374249
479779 646495
-799035 357672
-334307 -144897
-666856 -314699
-602249 -920830
516531 264133
833648 -634619
-458046 -155873
-665973 -794881
-288654 -320611
-719155 -231895
373359 73850.3
566183 -422552
-293043 357526
-589419 463059
944452 50481.6
595927 -864172
-104579 833378
-658594 18916
194679 523072
-719795 -837082
659888 643027
-534876 323429
-442370 -276668
117238 836375
-332928 -535956
-929890 243229
596723 -246974
-196178 -835997
-623243 -671648
871284 -115607
676065 454547
32269.4 -855082
-661425 -59959.8
279493 -176420
-897245 594159
-690932 -569340
-434503 -203158
272443 244300
-476952 961436
-217410 -782475
-960055 573400
129043 501854
-505059 118397
-668904 386707
831097 -123444
-648075 -848695
105562 -360967
719204 580969
-157154 169110
-671352 -886510
341848 699639
791982 -282220
169961 73183.7
750171 -164600
-773202 433928
929321 266287
-792780 213916
-380628 -928528
-616563 356334
197901 791140
-18251.2 -114529
654629 -382413
-331292 -914368
393451 -831551
129609 -942070
-352060 -571891
-844201 -817317
-435375 349157
-919119 -744580
776418 612058
314608 125922
133293 126031
-750525 -458914
-234676 683946
854236 -120177
944193 -60262.4
141179 -227488
-599194 53726.8
812305 -31838.4
-974467 -671080
238217 589708
227762 447814
933005 -513499
859511 609468
-624005 644390
-26000.3 207749
560325 120691
-137716 -542600
-886600 -362593
299211 913002
-970299 797872
-448720 693926
-468209 401555
467209 -517596
899267 136994
-689134 409278
-31255.1 192647
-274869 -408626
-722293 632939
-275.349 -346431
492207 318549
138002 386913
56134.8 -765532
-961921 999092
-349783 -199000
-542825 201617
513759 608020
798450 -146671
523785 -571627
-678709 -844641
-332073 -744075
-402784 555453
-614501 613926
-39663.3 343489
-171394 -423845
730373 365644
86605.8 -418166
-325262 -563984
531860 -60241.3
110132 -549515
-127237 59347
917977 858511
549302 -846325
-664346 -973193
159347 -283333
-597956 62886
-949394 -282231
-430824 198631
-759196 672739
683365 168483
920936 -3818.43
-178152 668274
-517482 -466967
93643.7 -445121
-652046 882350
203913 -16074.6
109083 -561133
-245494 30040.2
-886352 547401
487048 -936609
-548907 -753337
172459 -380426
-967038 301390
-890453 -250356
-839556 -708479
526300 91533.5
-782130 307859
756626 645346
-154232 455199
162428 409058
167285 -985431
-333570 354326
322150 -641376
-37682.8 -78214.1
-491122 252718
-658614 -1664.35
100870 -955516
165406 -116442
-960956 220390
254563 -243011
549228 -851649
557610 -901996
759697 998290
-375040 -745522
-766313 -641665
102468 -863361
-930975 291166
975400 830669
189622 -765209
32338.8 -375437
-193147 596947
-549478 -776984
-708398 883565
994661 499773
-748435 689707
-171227 282828
910853 399308
-902494 -548365
-263153 235834
-335606 -452883
-667104 819205
-541796 -746284
758699 -406750
702280 -661177
276393 301463
-954292 902304
-974240 409958
-796038 602006
-109927 -73038.4
383381 390933
-559109 -699030
-11143.1 387383
565690 -268586
-161620 808310
-191671 648154
72854.8 378955
-493255 216246
353126 892149
439150 -982168
576638 -143244
499835 -82597.6
172927 374622
164685 245427
-791156 -250746
549814 515290
351869 -412210
-915687 568632
400523 806355
43407.2 130099
-969220 207209
-830683 306062
-984922 332869
82394.7 681656
-204153 163937
-197465 871827
90745.5 -247026
-517070 867991
596703 -986729
822799 -686431
627998 396655
420051 -477759
813622 -294793
474320 429241
-464033 658065
562306 -667623
-652465 -279692
-5181.58 59197.2
-214659 253661
-738162 -473190
-923061 -250655
-683910 473922
506390 835066
973102 148704
-396488 770618
454478 -636321
-742002 272135
180408 -787707
-77255 -841116
944811 945963
377179 828705
-228601 861429
-954651 -869014
750104 417458
403707 -362057
203926 -823579
-965837 -416839
724963 415100
603360 -987430
4202.15 130178
-677832 -236833
-680744 -145993
598780 73712.1
-202964 732599
958215 -740477
215447 839160
218624 -270701
835845 -622814
457732 -725235
412836 102257
-435772 -242478
-631842 544640
78941.1 48264.7
470330 338452
853798 -278563
703332 870376
181981 530931
-725291 235327
-237746 -822300
867889 -38659.8
487712 -355253
165043 310328
150371 -906707
-591714 -829331
211342 582117
-155059 -307525
368609 -34971
65227.3 770594
302871 -967253
-697825 -154431
-565461 688987
-458841 161797
-12461.5 805494
563489 575652
728453 510826
-474775 585182
725622 345189
32957 757572
409143 -162533
-34669.6 -171729
947031 -820092
332639 835034
-441389 59045.8
-644286 208885
688851 -367020
123723 -813234
-540555 -732887
549682 706819
-720948 -705298
-382200 -184357
304140 -700235
490260 -179238
-234011 527689
338934 674611
-596737 -820933
51873.9 138688
856061 22251.1
-275584 -99174.7
782175 -797382
-17227.8 626824
-311988 320619
814288 737055
129753 -316178
-104098 883811
-616127 -878211
376962 -803795
-647873 -63067.8
-591894 331282
250697 158855
714764 -71981.3
185877 237858
-192756 -344397
-317012 980141
662178 928902
-786237 651240
-181159 -257187
-24292.4 483723
-967667 -885485
-869281 191843
225770 -817946
543713 183057
-893645 279475
-351769 693228
-43158.2 244023
570678 -351096
-289279 320744
-662450 933927
-795015 -307525
-322907 59183.1
-195004 515876
-543225 -612364
-981289 -643222
191306 -171681
-928788 -397386
-195916 801325
824259 570929
84239.1 109146
744114 659696
-506807 -175787
268008 454629
958915 -174194
-515791 596620
-743142 -345890
962922 99549.8
-104408 794239
-380101 139837
96865.9 121003
713280 -579576
-587647 -995334
64632.1 375871
-238461 -982881
134113 641672
655652 351099
879341 171586
483427 96007.5
123070 -120450
-134091 421591
-257837 -569928
-187079 154378
-600612 97163.7
343297 917023
931294 -245458
-800032 586755
811845 516441
-658865 383457
194450 -559622
-701768 -263983
117474 -51176.5
-47252 793975
-280112 -223189
-508137 299237
-110282 146664
-822390 -687589
-226136 163039
-699001 82348.9
-127160 234120
857696 -368625
-201087 -689656
763624 -13142.3
235599 -184213
-876697 54297
936927 885486
-321922 175580
-162713 -985789
643997 938363
-777723 442821
131522 340833
366313 725349
773190 866038
420443 655235
-623929 473192
-769784 -263746
-87919.5 -566128
-302735 -141636
-719641 752224
64533.3 691110
-996059 581827
24769.8 -466351
-414182 -213207
-835104 185374
817460 -467173
394445 -325834
-910829 510776
150726 942107
-503177 490272
275718 903613
-47186.2 902252
535012 306140
366519 -960460
659514 583682
516957 371910
538491 44374.6
100432 580275
641703 -816211
-634231 -167929
-743836 670025
-739727 -931529
-61139.9 -362883
175809 264646
-564113 480752
699477 813381
2034.77 70590.7
-6.26594 -972477
596175 -314811
803630 -227608
-266703 202319
645802 -586794
429148 213618
953473 -353631
133557 220639
136822 682496
-719747 -259499
997153 -196651
-156116 -61241
619122 351874
358630 146443
-520889 -862992
-953591 860072
907256 -950273
901834 367556
16743.8 -327499
-583021 930085
-872381 916494
854533 136231
-143851 -627707
866559 610937
-527873 -367164
549947 296111
-577584 -187135
771319 548482
25910.6 -763549
485026 784384
29235.8 -858116
-730151 332442
-239789 -812004
101678 -194652
232136 -204093
66073.7 -981169
527420 364629
-276647 -451776
496214 932875
445769 270346
-150233 -866342
-936504 918602
-35008.2 172206
284482 -543716
-1971.79 31660
-614815 151077
610731 -382257
-452888 729952
142256 -107314
-968442 131947
128038 -892666
606931 -38829.1
232868 167270
-68314.4 484787
-683257 -141342
-907386 -230527
-248754 219152
-652955 225699
91352.9 7905.94
861796 -691230
-257662 947171
281286 199090
-901877 610520
-827823 -19626
-890322 642054
-865903 94201.7
-861275 -518629
485735 -5489.41
-166352 553569
975457 690166
-689595 -271148
420896 234315
-421502 102240
-430754 461433
632557 -757867
422600 -566197
432824 603059
-475158 -231401
514811 978818
425526 -669812
-196960 782289
194742 145493
730906 487891
-764767 -28122.8
656879 -109731
778219 444013
154141 -593987
834945 -602232
-199563 487855
-700175 -409071
900591 -174854
923890 -558907
486288 -532563
-593498 -158270
718541 -406977
11011.4 -58672.6
977116 240794
-361600 -820726
314604 -333783
-645655 369621
-153205 -46600.9
-607855 -567751
416742 -633235
696260 -245704
831407 -645860
-729512 -334894
965072 591994
26804.1 -553802
290200 497498
-302191 -7337.31
-753316 -428637
5644.56 -452756
439123 672995
-551991 407436
-495659 294970
-863532 -333977
866305 110149
14492.8 -870389
93401.8 909620
-757851 -849359
-995458 346509
-231068 -549373
-89341.1 198750
929740 494740
362681 -755422
-680556 443085
-552801 -720930
-699591 784688
858579 790095
461460 -504731
-511728 -16973.9
433937 -936867
778927 -494322
80360.9 -945025
707826 -509098
-79030.7 -367183
-372159 174004
95976.3 -955034
389076 610995
-197273 454107
367050 -762322
-97546.5 -692031
220423 176885
811201 246148
-567826 264742
446475 -52916.7
913758 -630692
975788 353456
-847888 961115
-858274 867784
-6610.62 -353425
626861 -744073
-257012 -485276
142902 491754
-295524 967996
-571734 -718894
775146 731582
-410830 -813283
-524389 -587103
736285 -271432
-741339 425502
-844531 113458
-684561 -287670
249164 -661595
-19016.7 -482199
125038 404797
482227 -333424
-50098.3 -400283
-609319 -428414
426834 99332.7
476020 -568990
-81414.1 -380451
636101 193755
-59654.4 -591948
-885690 815259
795447 -142941
-215570 -310631
-608748 970521
-885974 -760733
-221052 416761
103751 -439634
-781586 -774786
47061.2 816040
-561559 -75774.3
-267695 578984
640155 -915817
-762175 -509753
956157 779604
-954016 554308
910738 411858
-454895 733423
791614 621247
550068 -684372
-749331 -597392
-824905 -209060
900852 -305808
-326696 -465290
140787 820126
-277015 -871225
-788704 234234
-569214 -920330
978456 814702
-864248 910694
-629886 -830622
565806 780092
-525929 629726
63295.5 -411825
666895 -358241
-509509 626580
949752 431935
-48201.8 -713588
-134334 -788174
-452174 -211420
456332 803589
-163418 992865
389043 341669
-208449 -813330
435774 -283645
363617 -512893
339278 -837318
-535161 -384958
-83546.5 -110620
267917 557788
899880 900944
239468 811853
831387 431661
-740154 -218798
-588182 867864
682191 447492
-179788 569453
439000 465130
-425763 -335346
915491 134455
146030 -952850
-383717 922971
730003 -553519
-866185 -192608
-865555 225192
918075 -546930
-280889 796292
292202 219872
-932158 34999
-533905 598839
462990 558232
773404 447189
-567101 294030
-59010.7 535025
-838745 -552079
268333 883400
-828432 -601171
882720 506748
277907 770617
-176293 352666
698386 -995230
602341 -134081
-386767 -216716
-989527 139968
-819157 860828
908209 325281
5658.12 -175458
37714.2 -669705
698223 -991102
-303332 861968
-84660.5 466669
-978050 -497669
-673037 -401748
-943989 73777
153777 778675
534952 237807
66465.9 -500956
44476.6 448233
177788 612816
-523019 668077
-537696 -705868
-883197 905010
343673 -915872
546813 994419
760099 -299554
-851921 -212160
939316 949778
-155022 -650934
450696 -725026
-267938 472938
-832153 949451
586391 -588188
-107076 -684852
-749134 859661
737805 275877
-350368 22676.6
487276 325953
368784 574331
814282 -409754
-256468 -659755
69665 476308
-849083 358674
408520 595741
872976 62218.4
-143298 798644
178100 -606110
-97136.3 56019.6
-890506 -709199
-85252 755784
-947850 -378838
417558 428152
46722.7 451010
110995 -769987
785078 521226
-641590 -574007
-3912.06 -612752
-908950 -860036
474453 728923
-14469 100882
-229924 85912.9
51614.7 -185130
357565 -341732
169709 -980367
-469439 -224284
320691 -761727
-765198 -541058
391523 990208
-248439 -568199
254077 -632843
-477774 173494
-821438 705099
580371 142653
-399252 -954534
-301044 349305
995526 603974
783852 675007
-750192 246729
-957315 141254
515115 -947706
610991 44399.3
-812413 714071
485273 -369876
-267889 -856972
-172002 -730678
-989939 709069
-991622 271071
262741 -895055
-103718 367192
-837568 730861
962926 710977
606785 -939118
-273920 103254
573295 298570
-126258 -412172
-153990 -434212
-287302 168553
-525031 -100512
194513 47032.7
703405 173485
-773571 747022
-373752 358184
102653 -110343
-380757 -211221
-289607 240539
513120 70245.1
-547478 -934867
905185 856975
-299507 823419
-606855 372230
221356 -748637
-831034 -716833
-7181.71 86030.2
900553 603941
-18967.5 461016
-498104 -935537
-790831 69754.6
292880 893969
674899 -345987
549707 -165453
773447 -351501
-160616 -629866
279149 991817
960691 516422
815288 854029
352156 -59983.8
448649 -537966
579728 310049
-395466 -303747
-416777 708618
-844506 622166
-573229 397462
953387 -417817
-793528 205415
263467 488013
-991243 540020
-746899 -512547
244357 -811173
381637 200570
931441 979397
-482806 552303
654077 151073
-880278 991590
525457 782394
-97506.2 208892
-246382 160410
-947495 -939440
702375 -33028.2
726908 -435416
-87551.2 -953985
-801219 -982149
-379801 -908002
995481 -555297
-221584 410441
-995981 -53051.6
-225579 -874764
801883 149010
485936 947178
401285 375099
394403 -488059
598041 179254
804813 -772304
-392640 367594
141616 -942099
-625419 926625
-87020.2 -764297
619011 124938
-564537 333646
220219 -236101
799586 667558
-758303 -208468
-55524.1 238571
-494976 -781999
-432665 -906617
907555 997924
467134 799383
-35020.8 -293181
748209 -746216
703311 -490762
512078 435566
312672 87783.5
612789 824957
-206065 673403
-365429 110153
-79091.5 -703097
-365035 83513.7
-929570 -88079.1
298357 71759.5
978219 690960
693267 -229875
-425465 578737
612439 345898
393421 209813
-721309 102408
735437 -451841
-872046 25972.9
-917344 391218
539494 -571228
535012 -723339
-557066 -457543
267351 -713575
249158 -713267
808733 -687145
-95792 -984673
-651654 -55005.1
-956831 140634
-434999 -461514
335415 380416
854386 -572242
-385636 -543398
54438.3 -370312
-876861 320095
-51812.7 52648.7
-393658 787759
-447321 399721
310842 285680
842897 30504.2
-84591.2 298354
-989081 106438
591209 808957
-860552 544071
-670724 912120
-824230 -86797.7
-481407 -180082
870323 -84217.3
-847524 737802
857143 57017
735925 809852
-556774 133184
584218 -248035
756453 124036
975761 -754274
-785693 71776.3
-679340 231164
449628 762218
-214584 -708872
-349297 -32964.5
-782165 -736157
-202453 -520622
560079 113809
872735 -307937
206167 655088
-278534 819551
-769475 394140
647486 -109507
-479531 -822263
-967335 467219
-57706.2 1559.61
-569258 698642
113544 433406
357258 934654
18886.1 837924
-11600.3 160849
144965 682110
723612 313938
-977013 64851.8
668174 573650
204684 -966832
-860198 469915
-885120 425653
-44971.6 -514770
786563 243862
159926 -983881
223809 335594
520599 514985
-762672 -174703
618845 -819193
-880939 714535
-727650 -525321
960594 -78378.7
-492280 879009
708308 -512531
-361994 -939113
823934 -852494
585407 -691885
-566063 -691793
476185 15499.4
-181561 159145
411338 -254830
-494654 944509
-577052 816921
-542212 -106304
-255740 -57097.6
-814627 -952811
-490826 738135
561070 600488
-204333 395336
-871278 -776138
640654 524964
736347 -385437
548690 -865346
-580732 -166170
619840 725796
200458 715108
776135 -263619
-309982 -607659
80582.2 676582
-701563 878379
-978598 933398
85588.8 45767.9
-444745 956063
282973 208136
-219529 -889854
617798 405418
-75450.2 -737261
575293 42367.8
344740 -543500
-933427 924544
925710 -715420
60657.4 38346.5
367760 -974732
623359 636671
974157 227024
191401 217737
140332 -774702
230775 242405
-628815 -234835
420179 520680
-668920 -797661
-863881 589593
-390619 -314406
-491634 158515
959656 489481
-125183 713029
-301513 77640.4
541516 -914238
284180 633888
648992 -426879
221520 889153
-772449 -383241
-212617 -690197
714456 -728340
641683 630510
-336416 -446995
-387117 -407172
866047 992897
876618 -26834.4
769979 323485
-923425 -460236
-951619 331978
-312445 -834826
435318 398257
-467570 498195
-878424 233887
376475 -187558
-229600 693273
-791754 -524506
277915 -984431
161510 -728365
630816 -823261
733862 186656
-225189 494649
-539695 -955485
509446 78013.8
197738 883265
854574 758197
-86421.8 -71084.6
312602 152670
-216644 823494
7250.77 323852
842968 221906
766262 -829720
620829 -290677
-96804.8 780053
598285 468167
780995 -626062
617087 41324.6
602515 -766065
-250459 112627
292066 -42214.9
411221 -487036
-844820 -593189
-272493 -218562
965036 44168.5
814583 596045
-851937 491920
-921683 360214
-582336 -973169
-69081.6 -303003
219512 -231307
-910792 160179
391544 -744448
-275691 649526
426097 113973
4398.22 -168178
-985080 -753910
-100699 67372
-17569.9 -937427
706969 -115488
-417060 -885198
-945044 -416393
-29052 -180017
418039 936027
-104518 411628
182855 760670
-936939 214981
645986 -58280.9
-860450 -772629
-659123 699156
-948427 -679579
-75471.7 705402
993233 169041
849853 379813
-867909 84314.5
653936 132979
-99921.4 647703
-690285 749464
-407929 -905226
895451 -616158
437387 933463
461421 138866
-916320 -76935.1
-672234 913022
818037 694590
-139856 -690755
58319.4 -907120
822479 723975
-538658 79568.1
-418488 526960
124476 40472.7
-875232 -71666.4
834317 304299
830736 -124421
-221612 760437
-344169 -593865
126456 -660227
424379 -421158
-773242 56956.4
-565083 89286.9
-463286 -971684
-83370 867367
371720 653680
-318564 -509697
-667451 396828
-814515 911465
-334241 -602086
321918 -184304
242507 -626484
-269123 88332.2
606107 -967880
453622 -567474
94302.5 57047.6
760786 -267045
-777562 529378
-499132 592790
-712816 -69775.2
209250 989304
-239710 -532414
-16494.7 951590
897896 -991052
651392 -62031.3
-236217 -197979
20523.2 -352124
475281 873324
707598 859806
-484443 -467372
-778888 -238630
292069 900044
-893249 784584
974052 235640
910783 157669
1021.71 -244805
382304 321355
185063 95219.8
136702 -978857
961498 659650
154920 -189145
87010.8 -173261
480451 593986
-578656 -316707
669660 -54920.4
865487 425935
-817741 749951
873171 192842
-565183 572471
-946996 -737233
736151 224064
47500.3 690311
861252 -509665
744254 -73810
-764538 719420
-727875 -298891
-972443 879088
994498 -291128
-486507 -449553
754872 -67617.7
64585.5 -709481
-420145 965349
-539966 715514
-639996 -124499
-692173 13480.8
629126 -326319
577647 -557084
455961 354983
-831410 859732
-651710 490358
-164611 -104793
675883 -681385
-279397 169308
498205 -68934.5
-119551 695592
687918 -306998
-388602 -939181
624756 524123
61937.9 302743
651183 680991
-809845 872053
-186796 416894
688750 313733
-339282 -7740.61
-869333 676243
958780 927877
-327747 -285099
730905 -621180
-733074 953198
287480 842894
-815068 591098
463339 586401
-111969 -679952
-995114 999962
-164792 14715.8
-947886 -814583
-843136 648054
-971083 -884369
621683 -247660
364713 173733
386154 -575795
224902 -232105
-954913 565722
147990 488379
-830862 -695775
-767762 35069.2
-513156 399477
655125 808624
400932 -62360.4
485623 246676
-599073 336542
258997 -505842
416198 436561
-816497 -766644
395484 457508
-940716 -401922
-544692 511569
458670 -18398.5
-803800 -586314
-967477 9714.2
163007 515167
168154 -671873
-363354 -762849
-47491.8 -524983
-586180 200045
-109187 177548
760530 -940899
902625 -952494
-682120 45316.4
-250018 -351842
880440 -889048
-36665 571682
-355960 256549
-436812 -359544
-173480 130017
532408 174680
59236.2 448986
390419 459242
556029 -12213.3
692129 -449070
-884727 752962
417731 -888306
-474819 -512768
-950200 -847724
551611 -122612
-208501 -994520
-744410 477145
-620492 -330148
328066 508378
349784 370141
161954 -709278
-249820 850096
-120520 541489
411840 -703912
-850142 316189
336995 -664310
-419800 478412
-933865 -74403
-713063 23636.4
-520072 255918
-628398 337557
619600 -100957
-804087 -921149
-240061 822065
232574 52837.4
-346943 242316
775050 -887102
957978 71471.1
-946092 -964646
497419 708788
906947 212.477
-508890 -927345
-106089 -860525
956182 -15827.3
-942885 430917
-613084 511400
-207696 798616
-858854 337226
-957530 -105726
-630424 323275
-297045 -747404
-852647 -487301
914217 900405
596696 704786
-517069 736985
484648 957581
256166 -859756
-115568 -603338
-39277.7 -604863
-674419 449913
871012 402843
-92597.7 957836
-995693 966183
-503940 -894633
-170870 772044
-731186 824536
483990 326355
-945291 130639
-991998 201976
-496109 -96833.6
-601459 785748
-100535 -287405
-291848 141023
432668 509879
-145224 -581801
-981613 -563232
448830 -224446
563401 183912
-792227 -62874
412254 -852658
-220980 980363
-543854 298467
502525 -918765
145305 -380913
-739493 910799
188775 -615977
496527 -643793
900451 875948
595392 -112231
946606 223859
-974146 995347
573964 930368
-379635 908251
-470614 48472.7
-298817 156570
778086 692035
28202.2 -377473
363119 874876
796839 -513341
-425268 -204338
-475389 -478574
-816716 97360.4
196581 341591
124681 79762.3
409940 -572082
-308154 -863396
980114 -135630
962743 -482734
-544052 -283791
-263847 -631040
-637152 -191147
492443 645431
638969 382787
920260 317711
743155 -220807
-855231 -312627
-933971 -365524
867233 477786
-416621 316045
49253.6 741731
646428 242865
-156036 -304330
-817716 -462300
969930 -917617
907786 894622
-797581 -451720
821059 438857
-210391 -970249
969224 560941
946111 -378168
-857707 -454344
809986 -478861
-653553 -818654
365012 352233
593638 -900088
-194771 550045
-136056 786423
26975.5 355234
-200345 974719
-656163 37957.2
-667575 -412157
-201589 262111
-313054 42779.8
-295067 766728
-211081 -214676
-546967 -515589
809773 -66411.3
799901 -654911
986983 -151571
-825853 264056
641272 -665231
-216705 700324
-792849 551650
-947560 11187
-616270 -235115
-844754 -640655
185250 -825592
649524 -237063
-394132 -695184
470296 862200
44422.2 -527020
112353 388015
-351145 599252
-822164 768936
960577 217224
801883 -508526
-476930 327442
241510 3.90364
681278 864056
-534859 -922922
530547 -267447
818003 476721
533895 -338477
-215648 -849135
243943 802661
80753.2 -506167
-895018 -587518
-989104 -634077
719049 381965
-325757 -499859
-436814 -825386
544042 829861
-52650.2 710758
415427 453146
-6550.21 -613858
238498 263627
531616 449351
854035 -624715
-937944 -320790
462472 -128783
900867 -895910
773446 863418
-383691 253062
551300 -921142
182279 89623
-758838 937293
-52306.3 818072
495949 371736
-872443 20426.2
-417647 172276
-933935 207964
-725310 301501
-769167 460753
-192192 -954546
691193 -545640
-217467 860565
564602 -163338
460115 -160924
-927805 -847556
728942 562312
-654177 390295
710461 637079
621835 -840963
632319 226498
427204 492164
588005 -428101
-617911 999662
248522 438194
598336 860129
-337731 -505806
-800774 250422
474804 229692
-886881 -51621.3
-969420 520237
810505 617770
-141946 -26591.2
871676 -825835
14386 390233
219392 -146256
-163420 666352
-865115 -368657
249221 -777911
-151110 707853
58761.4 206381
700703 -162821
-505203 -270253
-827182 -65714.7
-141993 312788
-863929 -465693
763843 638559
-788130 260479
-844842 26139.1
-836296 555340
899482 -42907.2
850063 314971
-473828 491429
-111060 160240
-428065 -272006
-954365 -89515.7
-820130 202600
-797042 -606870
77196.3 189107
80475.2 -630485
894111 923912
862916 -387436
-819672 -143129
77637.4 751974
-222595 -697061
-330618 92001.1
317428 -236590
45516.8 565643
127659 361439
340122 -585710
878333 -631403
-660640 943244
373822 -411290
162389 -404617
-542400 268454
-978869 228274
662043 -718902
146211 -132636
-204796 -402102
-576267 936348
-433592 -63480.8
-61584.8 757335
496174 239651
-40095.3 -894119
-86987.9 750227
-691012 -524325
-975287 316006
-214233 694808
-620878 806043
315973 207639
-215051 -254774
868860 -915465
760811 290056
-192207 687133
-595658 -919584
561220 599884
-193549 51645.8
483139 976294
-404237 -869750
-237121 -929556
-997353 35830.1
-970538 -248786
491605 784369
225577 428910
449922 120081
242887 881592
701676 477315
865555 -672983
-718055 308539
224269 977149
-764499 656421
-148608 112037
-374261 -348813
130348 -347038
871862 612513
-93827.6 -112272
965093 521909
917199 44760.3
192662 191297
-440943 -66869.6
-86474.5 151831
-650125 -691664
-108875 22654.8
-464925 259283
647639 -71523.2
227539 -306033
-318859 -581713
25495.9 264859
-489326 843815
-949592 -805875
188874 59902.3
227992 -283887
859672 716480
-220250 -603617
-371761 956796
123810 -241134
554929 837074
-33036.3 -834553
510935 -280352
821439 -192494
-540830 192963
399829 442775
-575994 -146100
570333 -805600
728798 209756
492036 -428842
418870 -528347
-599007 -178960
862240 955020
-874206 56275
554271 -577001
528688 -569050
-376849 458020
903851 494284
986081 939859
929953 848100
915356 259476
-702873 131506
-109558 -94090.8
380991 643238
-475572 -929571
351312 -685528
646360 950990
34762.8 228576
687768 -817582
174442 -173388
-584714 -138021
-747257 992393
-406357 -958173
100962 580398
757476 174397
-639382 511387
-802624 174288
-57779.6 -910055
-784898 257856
-725411 752185
-663916 -118980
942654 -987391
612969 -985817
-701732 -861241
-158962 -238526
3888.89 950103
-771636 -545721
-560465 83885.9
-452877 -965523
996805 62658
316087 808827
489769 403.598
-431739 -242341
-305974 -627404
26769.8 -557999
-339636 -751567
-171953 -504102
645257 918710
710109 643004
-912017 284956
443321 -168471
-96383.8 332691
984068 -569297
-308469 -362479
493506 -675365
256628 -120744
-656681 -313972
-83332.6 -230764
-472408 -14650.5
-798468 -682533
-853315 -485402
-790364 684763
678340 -978649
871156 -87293
-309018 -257448
583207 137779
-101426 -821212
-341626 -187552
-657648 349995
-688777 -206397
-989848 572958
992945 916412
39436.8 257168
-837529 -492717
-867112 -304302
-390392 304192
804628 -335571
-938060 -921949
-268699 -984530
-330192 -380402
559831 -163263
642866 -426989
972355 -130085
455039 468956
514174 156228
-728995 -643058
991701 -929289
602692 -836239
-79508.3 -776394
-436990 -76114.8
888481 -968477
286034 -719137
546602 -484468
-139563 813843
-766933 39942.1
-909518 -524384
-426251 -768245
-84017.4 833545
815065 -613024
-929959 989997
-89494.3 265715
424383 645103
939677 616219
710739 -74540
-188894 846829
782567 499102
682607 -838262
756134 621008
-501931 282145
876767 255959
801196 -847215
648383 -149074
92.6033 130701
-999835 -99629.9
753055 768058
-217415 148188
299247 892103
514722 -368671
-323088 -164426
-940519 566374
-750964 -983054
-971145 814878
709415 880118
354768 605427
398417 -517773
-649716 -73890.1
-287903 -519769
-64433.4 -440940
166811 179482
-506407 -36093
-44124.2 391782
554533 901337
956986 660053
975016 522256
-331659 -24696
-384619 -661523
276970 -171804
34831.8 -919569
-960515 562302
201811 -750393
-469731 -618494
-365503 -617248
-287006 -697418
-15513 -563516
-622281 182395
-998526 -233454
-611442 -3170.15
-557944 420863
12255.9 979761
-11237.3 -957337
-224073 -515694
981525 -924057
-308253 -134085
-174558 -398702
-870531 491502
-577677 -452846
780627 389419
-227749 220858
497944 -154665
-841791 -30410.6
409157 -546741
-885568 -948830
-621140 622997
765210 -577416
-535449 360277
-365136 542706
497260 -470553
-791795 95389.6
-714346 -192439
16139.4 -483007
-674703 874272
584135 2725.68
238379 584295
629130 -505940
-401227 899109
-801444 745459
-209052 278348
802986 -178161
-667999 173648
770755 -944385
-601169 120455
343586 -569647
-648013 390126
-203701 9875.34
446913 137617
53317.3 587581
-15522 -448908
-104042 742283
404951 -753178
444391 978691
979296 827261
-286402 -864563
922727 591053
483293 -222751
-721079 -115339
-678113 548797
-667480 734657
-576.161 179118
