35
1315.38 4586.5
-2189.59 -6788.65
9346.93 -5194.16
-345.721 5297
76.9819 -668.422
6867.73 9304.36
-5269.29 6539.19
-7011.91 7621.98
-474.645 -3282.34
7564.1 3653.39
9825.5 7533.56
726.859 -8847.07
-4364.11 4777.32
-2749.07 -1665.07
-8976.56 -605.643
-5045.23 3190.33
4939.77 907.329
-737.491 -3841.42
9138.17 4644.46
500.84 7702.05
1253.65 6884.55
6295.43 7254.12
8885.72 -3063.22
5132.74 -8459.82
-8415.11 -4153.95
4679.17 1783.28
5716.55 330.538
-4984.8 7482.93
8907.37 8420.4
-2127.52 -1304.27
-2745.88 -4142.93
7098.2 2399.11
-3175.4 -6520.59
-6813.46 3877.25
1475.33 8455.76
